-1.198553599606441145e-01	9.000000000000000000e+01
-1.195630647170691924e-01	9.700000000000000000e+01
-1.192707688272078015e-01	9.600000000000000000e+01
-1.189784722945567558e-01	1.060000000000000000e+02
-1.186861751226128830e-01	1.040000000000000000e+02
-1.183938773148729418e-01	9.500000000000000000e+01
-1.181015788748337458e-01	9.200000000000000000e+01
-1.178092798059921370e-01	1.140000000000000000e+02
-1.175169801118450263e-01	9.200000000000000000e+01
-1.172246797958892556e-01	9.400000000000000000e+01
-1.169323788616217080e-01	1.040000000000000000e+02
-1.166400773125393087e-01	9.700000000000000000e+01
-1.163477751521388437e-01	1.170000000000000000e+02
-1.160554723839173491e-01	1.180000000000000000e+02
-1.157631690113717221e-01	1.010000000000000000e+02
-1.154708650379989571e-01	1.020000000000000000e+02
-1.151785604672959790e-01	9.200000000000000000e+01
-1.148862553027597960e-01	1.090000000000000000e+02
-1.145939495478873887e-01	1.110000000000000000e+02
-1.143016432061757098e-01	1.080000000000000000e+02
-1.140093362811218508e-01	1.060000000000000000e+02
-1.137170287762228199e-01	1.020000000000000000e+02
-1.134247206949755560e-01	1.040000000000000000e+02
-1.131324120408773587e-01	9.500000000000000000e+01
-1.128401028174250142e-01	1.120000000000000000e+02
-1.125477930281158084e-01	1.100000000000000000e+02
-1.122554826764466801e-01	8.900000000000000000e+01
-1.119631717659148179e-01	1.110000000000000000e+02
-1.096246647822571307e-01	1.050000000000000000e+02
-1.093323489993319741e-01	1.020000000000000000e+02
-1.090400326925157343e-01	1.130000000000000000e+02
-1.087477158653056275e-01	8.800000000000000000e+01
-1.084553985211988425e-01	1.040000000000000000e+02
-1.081630806636926234e-01	9.400000000000000000e+01
-1.078707622962842977e-01	1.050000000000000000e+02
-1.075784434224710401e-01	1.120000000000000000e+02
-1.072861240457501503e-01	1.000000000000000000e+02
-1.069938041696189557e-01	8.700000000000000000e+01
-1.067014837975746727e-01	1.140000000000000000e+02
-1.064091629331146427e-01	1.220000000000000000e+02
-1.061168415797361653e-01	1.180000000000000000e+02
-1.058245197409365956e-01	9.100000000000000000e+01
-1.055321974202132196e-01	1.150000000000000000e+02
-1.052398746210633645e-01	1.020000000000000000e+02
-1.049475513469843718e-01	1.160000000000000000e+02
-1.046552276014736382e-01	1.130000000000000000e+02
-1.043629033880284773e-01	9.900000000000000000e+01
-1.040705787101462859e-01	1.170000000000000000e+02
-1.037782535713244053e-01	9.600000000000000000e+01
-1.034859279750602601e-01	1.030000000000000000e+02
-1.031936019248512471e-01	1.050000000000000000e+02
-1.029012754241947075e-01	1.220000000000000000e+02
-1.026089484765880661e-01	9.500000000000000000e+01
-1.023166210855288166e-01	1.250000000000000000e+02
-1.020242932545143005e-01	1.130000000000000000e+02
-1.017319649870419285e-01	9.700000000000000000e+01
-1.014396362866091944e-01	1.140000000000000000e+02
-1.011473071567134813e-01	9.400000000000000000e+01
-1.008549776008522969e-01	1.140000000000000000e+02
-1.005626476225230798e-01	1.060000000000000000e+02
-1.002703172252232405e-01	1.110000000000000000e+02
-9.997798641245031481e-02	1.240000000000000000e+02
-9.968565518770167166e-02	1.420000000000000000e+02
-9.939332355447494383e-02	1.230000000000000000e+02
-9.910099151626747260e-02	1.210000000000000000e+02
-9.880865907657682135e-02	1.000000000000000000e+02
-9.851632623890045626e-02	1.190000000000000000e+02
-9.822399300673591294e-02	1.050000000000000000e+02
-9.793165938358065759e-02	1.030000000000000000e+02
-9.763932537293219804e-02	1.360000000000000000e+02
-9.734699097828806991e-02	1.030000000000000000e+02
-9.705465620314578101e-02	1.290000000000000000e+02
-9.676232105100288083e-02	1.260000000000000000e+02
-9.646998552535687721e-02	1.220000000000000000e+02
-9.617764962970527798e-02	1.230000000000000000e+02
-9.588531336754566037e-02	1.280000000000000000e+02
-9.559297674237553222e-02	1.050000000000000000e+02
-9.530063975769247075e-02	1.210000000000000000e+02
-9.500830241699401157e-02	1.440000000000000000e+02
-9.471596472377770415e-02	1.200000000000000000e+02
-9.442362668154108407e-02	1.110000000000000000e+02
-9.413128829378172857e-02	1.290000000000000000e+02
-9.383894956399724263e-02	1.300000000000000000e+02
-9.354661049568509246e-02	1.050000000000000000e+02
-9.325427109234293854e-02	1.360000000000000000e+02
-9.296193135746830261e-02	1.370000000000000000e+02
-9.266959129455876187e-02	1.140000000000000000e+02
-9.237725090711190745e-02	1.290000000000000000e+02
-9.208491019862530269e-02	1.240000000000000000e+02
-9.179256917259653870e-02	1.200000000000000000e+02
-9.150022783252320657e-02	1.210000000000000000e+02
-9.120788618190285579e-02	1.510000000000000000e+02
-9.091554422423309134e-02	1.240000000000000000e+02
-9.062320196301151820e-02	1.080000000000000000e+02
-9.033085940173569972e-02	1.140000000000000000e+02
-9.003851654390324089e-02	1.570000000000000000e+02
-8.974617339301171892e-02	1.340000000000000000e+02
-8.945382995255873881e-02	1.160000000000000000e+02
-8.916148622604187779e-02	1.140000000000000000e+02
-8.886914221695875471e-02	1.310000000000000000e+02
-8.857679792880696068e-02	1.170000000000000000e+02
-8.828445336508405905e-02	1.330000000000000000e+02
-8.799210852928769644e-02	1.280000000000000000e+02
-8.769976342491543619e-02	1.320000000000000000e+02
-8.740741805546488330e-02	1.470000000000000000e+02
-8.711507242443362886e-02	1.500000000000000000e+02
-8.682272653531925011e-02	1.320000000000000000e+02
-8.653038039161937978e-02	1.370000000000000000e+02
-8.623803399683156734e-02	1.360000000000000000e+02
-8.594568735445345942e-02	1.450000000000000000e+02
-8.565334046798261936e-02	1.200000000000000000e+02
-8.536099334091665214e-02	1.240000000000000000e+02
-8.506864597675313500e-02	1.330000000000000000e+02
-8.477629837898968679e-02	1.260000000000000000e+02
-8.448395055112387086e-02	1.410000000000000000e+02
-8.419160249665327833e-02	1.240000000000000000e+02
-8.389925421907550029e-02	1.530000000000000000e+02
-8.360690572188811398e-02	1.400000000000000000e+02
-8.331455700858872437e-02	1.370000000000000000e+02
-8.302220808267489482e-02	1.390000000000000000e+02
-8.272985894764417480e-02	1.190000000000000000e+02
-8.243750960699421093e-02	1.450000000000000000e+02
-8.214516006422252492e-02	1.440000000000000000e+02
-8.185281032282670788e-02	1.740000000000000000e+02
-8.156046038630432315e-02	1.320000000000000000e+02
-8.126811025815290634e-02	1.530000000000000000e+02
-8.097575994187007631e-02	1.620000000000000000e+02
-8.068340944095336864e-02	1.570000000000000000e+02
-8.039105875890033281e-02	1.690000000000000000e+02
-8.009870789920850442e-02	1.560000000000000000e+02
-7.980635686537547457e-02	1.680000000000000000e+02
-7.951400566089877886e-02	1.300000000000000000e+02
-7.922165428927593900e-02	1.690000000000000000e+02
-7.892930275400450446e-02	1.670000000000000000e+02
-7.863695105858199697e-02	1.670000000000000000e+02
-7.834459920650600762e-02	1.670000000000000000e+02
-7.805224720127398874e-02	1.560000000000000000e+02
-7.775989504638347594e-02	1.650000000000000000e+02
-7.746754274533200479e-02	1.520000000000000000e+02
-7.717519030161706928e-02	1.510000000000000000e+02
-7.688283771873620498e-02	1.720000000000000000e+02
-7.659048500018689198e-02	1.770000000000000000e+02
-7.629813214946661037e-02	1.570000000000000000e+02
-7.600577917007289575e-02	1.810000000000000000e+02
-7.571342606550315879e-02	1.810000000000000000e+02
-7.542107283925497674e-02	1.750000000000000000e+02
-7.512871949482576028e-02	1.970000000000000000e+02
-7.483636603571300339e-02	1.890000000000000000e+02
-7.454401246541413062e-02	2.050000000000000000e+02
-7.425165878742666370e-02	1.970000000000000000e+02
-7.395930500524801332e-02	1.900000000000000000e+02
-7.366695112237559018e-02	1.890000000000000000e+02
-7.337459714230688823e-02	1.900000000000000000e+02
-7.308224306853930430e-02	1.780000000000000000e+02
-7.278988890457027683e-02	2.100000000000000000e+02
-7.249753465389721652e-02	1.950000000000000000e+02
-7.220518032001753406e-02	1.950000000000000000e+02
-7.191282590642864014e-02	2.120000000000000000e+02
-7.162047141662791772e-02	1.530000000000000000e+02
-7.132811685411274971e-02	1.940000000000000000e+02
-7.103576222238051907e-02	1.920000000000000000e+02
-7.074340752492860873e-02	2.230000000000000000e+02
-7.045105276525437388e-02	2.170000000000000000e+02
-7.015869794685514194e-02	2.030000000000000000e+02
-6.986634307322832360e-02	2.060000000000000000e+02
-6.957398814787119079e-02	2.000000000000000000e+02
-6.928163317428109869e-02	2.110000000000000000e+02
-6.898927815595538859e-02	1.960000000000000000e+02
-6.869692309639134631e-02	2.190000000000000000e+02
-6.840456799908629926e-02	2.180000000000000000e+02
-6.811221286753751936e-02	1.880000000000000000e+02
-6.781985770524229240e-02	2.420000000000000000e+02
-6.752750251569791806e-02	2.290000000000000000e+02
-6.723514730240164050e-02	2.480000000000000000e+02
-6.694279206885071776e-02	2.240000000000000000e+02
-6.665043681854240787e-02	2.370000000000000000e+02
-6.635808155497394112e-02	2.240000000000000000e+02
-6.606572628164254779e-02	2.590000000000000000e+02
-6.577337100204543041e-02	2.850000000000000000e+02
-6.548101571967980539e-02	2.430000000000000000e+02
-6.518866043804286137e-02	2.550000000000000000e+02
-6.489630516063178700e-02	2.530000000000000000e+02
-6.460394989094378482e-02	2.540000000000000000e+02
-6.431159463247598795e-02	2.650000000000000000e+02
-6.401923938872555730e-02	2.700000000000000000e+02
-6.372688416318959825e-02	2.750000000000000000e+02
-6.343452895936531333e-02	2.950000000000000000e+02
-6.314217378074975240e-02	3.060000000000000000e+02
-6.284981863084006248e-02	2.650000000000000000e+02
-6.255746351313334896e-02	2.610000000000000000e+02
-6.226510843112663396e-02	2.760000000000000000e+02
-6.197275338831704367e-02	2.880000000000000000e+02
-6.168039838820162796e-02	3.220000000000000000e+02
-6.138804343427739507e-02	2.960000000000000000e+02
-6.109568853004145733e-02	2.820000000000000000e+02
-6.080333367899076052e-02	3.380000000000000000e+02
-6.051097888462234065e-02	3.080000000000000000e+02
-6.021862415043322675e-02	3.380000000000000000e+02
-5.992626947992033687e-02	3.430000000000000000e+02
-5.963391487658067230e-02	3.320000000000000000e+02
-5.934156034391121354e-02	3.560000000000000000e+02
-5.904920588540886472e-02	3.510000000000000000e+02
-5.875685150457057165e-02	3.540000000000000000e+02
-5.846449720489326624e-02	3.820000000000000000e+02
-5.817214298987381793e-02	3.570000000000000000e+02
-5.787978886300915171e-02	4.060000000000000000e+02
-5.758743482779610234e-02	3.760000000000000000e+02
-5.729508088773154623e-02	3.720000000000000000e+02
-5.700272704631235282e-02	4.060000000000000000e+02
-5.671037330703530138e-02	4.060000000000000000e+02
-5.641801967339727525e-02	3.990000000000000000e+02
-5.612566614889501898e-02	3.910000000000000000e+02
-5.583331273702533265e-02	4.420000000000000000e+02
-5.554095944128502327e-02	4.560000000000000000e+02
-5.524860626517077988e-02	4.600000000000000000e+02
-5.495625321217940951e-02	4.470000000000000000e+02
-5.466390028580758731e-02	4.750000000000000000e+02
-5.437154748955206479e-02	4.720000000000000000e+02
-5.407919482690950325e-02	5.020000000000000000e+02
-5.378684230137659866e-02	5.030000000000000000e+02
-5.349448991644997764e-02	5.050000000000000000e+02
-5.320213767562632923e-02	5.550000000000000000e+02
-5.290978558240228002e-02	5.360000000000000000e+02
-5.261743364027444275e-02	5.570000000000000000e+02
-5.232508185273936074e-02	5.570000000000000000e+02
-5.203273022329368142e-02	5.860000000000000000e+02
-5.174037875543394116e-02	5.480000000000000000e+02
-5.144802745265666943e-02	5.690000000000000000e+02
-5.115567631845840957e-02	5.550000000000000000e+02
-5.086332535633567714e-02	5.770000000000000000e+02
-5.057097456978495303e-02	6.030000000000000000e+02
-5.027862396230272507e-02	5.820000000000000000e+02
-4.998627353738544637e-02	6.390000000000000000e+02
-4.969392329852955620e-02	6.530000000000000000e+02
-4.940157324923147991e-02	6.580000000000000000e+02
-4.910922339298760819e-02	6.580000000000000000e+02
-4.881687373329435947e-02	6.630000000000000000e+02
-4.852452427364804810e-02	6.550000000000000000e+02
-4.823217501754507863e-02	7.270000000000000000e+02
-4.793982596848173766e-02	7.150000000000000000e+02
-4.764747712995436729e-02	7.080000000000000000e+02
-4.735512850545924718e-02	7.320000000000000000e+02
-4.706278009849264310e-02	8.350000000000000000e+02
-4.677043191255082083e-02	8.270000000000000000e+02
-4.647808395113001839e-02	8.090000000000000000e+02
-4.618573621772644605e-02	8.050000000000000000e+02
-4.589338871583627938e-02	8.370000000000000000e+02
-4.560104144895572170e-02	8.350000000000000000e+02
-4.530869442058090002e-02	8.460000000000000000e+02
-4.501634763420797603e-02	9.430000000000000000e+02
-4.472400109333305590e-02	9.610000000000000000e+02
-4.443165480145223195e-02	9.580000000000000000e+02
-4.413930876206158260e-02	1.021000000000000000e+03
-4.384696297865714465e-02	9.980000000000000000e+02
-4.355461745473498958e-02	1.040000000000000000e+03
-4.326227219379109173e-02	1.043000000000000000e+03
-4.296992719932144628e-02	1.099000000000000000e+03
-4.267758247482204836e-02	1.134000000000000000e+03
-4.238523802378880989e-02	1.114000000000000000e+03
-4.209289384971768438e-02	1.144000000000000000e+03
-4.180054995610456292e-02	1.157000000000000000e+03
-4.150820634644534352e-02	1.271000000000000000e+03
-4.121586302423586173e-02	1.229000000000000000e+03
-4.092351999297198784e-02	1.305000000000000000e+03
-4.063117725614951575e-02	1.272000000000000000e+03
-4.033883481726425330e-02	1.321000000000000000e+03
-4.004649267981196664e-02	1.415000000000000000e+03
-3.975415084728841503e-02	1.379000000000000000e+03
-3.946180932318930218e-02	1.471000000000000000e+03
-3.916946811101035264e-02	1.463000000000000000e+03
-3.887712721424724238e-02	1.555000000000000000e+03
-3.858478663639562656e-02	1.587000000000000000e+03
-3.829244638095113951e-02	1.616000000000000000e+03
-3.800010645140940863e-02	1.689000000000000000e+03
-3.770776685126599886e-02	1.723000000000000000e+03
-3.741542758401647517e-02	1.664000000000000000e+03
-3.712308865315638862e-02	1.815000000000000000e+03
-3.683075006218124170e-02	1.894000000000000000e+03
-3.653841181458655774e-02	1.924000000000000000e+03
-3.624607391386776289e-02	2.000000000000000000e+03
-3.595373636352032498e-02	2.025000000000000000e+03
-3.566139916703965629e-02	2.070000000000000000e+03
-3.536906232792116217e-02	2.210000000000000000e+03
-3.507672584966017859e-02	2.195000000000000000e+03
-3.478438973575209009e-02	2.413000000000000000e+03
-3.449205398969219100e-02	2.262000000000000000e+03
-3.419971861497577564e-02	2.468000000000000000e+03
-3.390738361509811755e-02	2.535000000000000000e+03
-3.361504899355446940e-02	2.571000000000000000e+03
-3.332271475384002840e-02	2.682000000000000000e+03
-3.303038089945001254e-02	2.695000000000000000e+03
-3.273804743387955657e-02	2.699000000000000000e+03
-3.244571436062382297e-02	2.886000000000000000e+03
-3.215338168317789791e-02	2.908000000000000000e+03
-3.186104940503688837e-02	2.970000000000000000e+03
-3.156871752969585970e-02	3.101000000000000000e+03
-3.127638606064983562e-02	3.341000000000000000e+03
-3.098405500139382249e-02	3.405000000000000000e+03
-3.069172435542280239e-02	3.475000000000000000e+03
-3.039939412623173659e-02	3.719000000000000000e+03
-3.010706431731553084e-02	3.806000000000000000e+03
-2.981473493216909437e-02	3.793000000000000000e+03
-2.952240597428730517e-02	3.916000000000000000e+03
-2.923007744716499268e-02	4.229000000000000000e+03
-2.893774935429698283e-02	4.363000000000000000e+03
-2.864542169917805650e-02	4.404000000000000000e+03
-2.835309448530296331e-02	4.578000000000000000e+03
-2.806076771616647370e-02	4.800000000000000000e+03
-2.776844139526324709e-02	4.922000000000000000e+03
-2.747611552608797067e-02	5.123000000000000000e+03
-2.718379011213529345e-02	5.336000000000000000e+03
-2.689146515689984016e-02	5.530000000000000000e+03
-2.659914066387618001e-02	5.737000000000000000e+03
-2.630681663655890304e-02	5.983000000000000000e+03
-2.601449307844250561e-02	6.113000000000000000e+03
-2.572216999302151183e-02	6.407000000000000000e+03
-2.542984738379038337e-02	6.251000000000000000e+03
-2.513752525424355413e-02	6.558000000000000000e+03
-2.484520360787545804e-02	6.716000000000000000e+03
-2.455288244818045612e-02	6.856000000000000000e+03
-2.426056177865291638e-02	7.095000000000000000e+03
-2.396824160278715476e-02	7.248000000000000000e+03
-2.367592192407745946e-02	7.527000000000000000e+03
-2.338360274601809785e-02	7.706000000000000000e+03
-2.309128407210329567e-02	8.020000000000000000e+03
-2.279896590582726132e-02	8.318000000000000000e+03
-2.250664825068415115e-02	8.559000000000000000e+03
-2.221433111016811457e-02	8.700000000000000000e+03
-2.192201448777325590e-02	9.120000000000000000e+03
-2.162969838699365863e-02	9.191000000000000000e+03
-2.133738281132335421e-02	9.515000000000000000e+03
-2.104506776425636369e-02	9.776000000000000000e+03
-2.075275324928667342e-02	1.003000000000000000e+04
-2.046043926990822118e-02	1.028000000000000000e+04
-2.016812582961493086e-02	1.071200000000000000e+04
-1.987581293190069515e-02	1.087300000000000000e+04
-1.958350058025935467e-02	1.108400000000000000e+04
-1.929118877818473965e-02	1.120800000000000000e+04
-1.899887752917065256e-02	1.174800000000000000e+04
-1.870656683671081608e-02	1.182800000000000000e+04
-1.841425670429897715e-02	1.202800000000000000e+04
-1.812194713542882030e-02	1.225700000000000000e+04
-1.782963813359400920e-02	1.238100000000000000e+04
-1.753732970228816246e-02	1.289800000000000000e+04
-1.724502184500487437e-02	1.343000000000000000e+04
-1.695271456523769413e-02	1.356500000000000000e+04
-1.666040786648015706e-02	1.362400000000000000e+04
-1.636810175222574645e-02	1.360200000000000000e+04
-1.607579622596792129e-02	1.385800000000000000e+04
-1.578349129120010935e-02	1.415600000000000000e+04
-1.549118695141568636e-02	1.434300000000000000e+04
-1.519888321010801416e-02	1.448100000000000000e+04
-1.490658007077041124e-02	1.473700000000000000e+04
-1.461427753689616485e-02	1.512600000000000000e+04
-1.432197561197852756e-02	1.529700000000000000e+04
-1.402967429951070509e-02	1.527700000000000000e+04
-1.373737360298588929e-02	1.563400000000000000e+04
-1.344507352589721476e-02	1.593900000000000000e+04
-1.315277407173780222e-02	1.615300000000000000e+04
-1.286047524400071862e-02	1.629700000000000000e+04
-1.256817704617900315e-02	1.639000000000000000e+04
-1.227587948176566378e-02	1.651300000000000000e+04
-1.198358255425366684e-02	1.685400000000000000e+04
-1.169128626713594396e-02	1.670800000000000000e+04
-1.139899062390538863e-02	1.720500000000000000e+04
-1.110669562805486482e-02	1.705300000000000000e+04
-1.081440128307719316e-02	1.742000000000000000e+04
-1.052210759246515609e-02	1.727000000000000000e+04
-1.022981455971150831e-02	1.770900000000000000e+04
-9.937522188308962889e-03	1.797100000000000000e+04
-9.645230481750194720e-03	1.805500000000000000e+04
-9.352939443527842275e-03	1.872000000000000000e+04
-9.060649077134511065e-03	1.834300000000000000e+04
-8.768359386062761496e-03	1.892500000000000000e+04
-8.476070373805122751e-03	1.897600000000000000e+04
-8.183782043854085850e-03	1.925500000000000000e+04
-7.891494399702096707e-03	1.975600000000000000e+04
-7.599207444841570881e-03	1.992400000000000000e+04
-7.306921182764891838e-03	2.009600000000000000e+04
-7.014635616964385798e-03	2.035400000000000000e+04
-6.722350750932361632e-03	2.078600000000000000e+04
-6.430066588161074438e-03	2.121000000000000000e+04
-6.137783132142748954e-03	2.163300000000000000e+04
-5.845500386369566551e-03	2.151700000000000000e+04
-5.553218354333675638e-03	2.236700000000000000e+04
-5.260937039527177790e-03	2.270300000000000000e+04
-4.968656445442142487e-03	2.348400000000000000e+04
-4.676376575570594107e-03	2.454700000000000000e+04
-4.384097433404522334e-03	2.584400000000000000e+04
-4.091819022435875218e-03	2.631400000000000000e+04
-3.799541346156559609e-03	2.754600000000000000e+04
-3.507264408058446796e-03	2.816000000000000000e+04
-3.214988211633363832e-03	2.904900000000000000e+04
-2.922712760373099173e-03	3.065000000000000000e+04
-2.630438057769401376e-03	3.225500000000000000e+04
-2.338164107313979098e-03	3.546400000000000000e+04
-2.045890912498498932e-03	3.980000000000000000e+04
-1.753618476814587353e-03	4.396800000000000000e+04
-1.461346803753830505e-03	5.001100000000000000e+04
-1.169075896807773764e-03	6.433300000000000000e+04
-8.768057594679203341e-04	1.371560000000000000e+05
-5.845363952257329751e-04	4.420190000000000000e+05
-2.922678075726329780e-04	7.964820000000000000e+05
0.000000000000000000e+00	1.032002000000000000e+06
2.922670240008278268e-04	9.072500000000000000e+05
5.845332609385542203e-04	3.588280000000000000e+05
8.767987073219249113e-04	9.450400000000000000e+04
1.169063359659727264e-03	6.438900000000000000e+04
1.461327214460791252e-03	5.230800000000000000e+04
1.753590268233989674e-03	4.689500000000000000e+04
2.045852517488236638e-03	4.351200000000000000e+04
2.338113958732489835e-03	4.011200000000000000e+04
2.630374588475749027e-03	3.657700000000000000e+04
2.922634403227057556e-03	3.381600000000000000e+04
3.214893399495501701e-03	3.105300000000000000e+04
3.507151573790209375e-03	3.004900000000000000e+04
3.799408922620353592e-03	2.900400000000000000e+04
4.091665442495152905e-03	2.837100000000000000e+04
4.383921129923861425e-03	2.629100000000000000e+04
4.676175981415788344e-03	2.603100000000000000e+04
4.968429993480276245e-03	2.457600000000000000e+04
5.260683162626718021e-03	2.447200000000000000e+04
5.552935485364549929e-03	2.427900000000000000e+04
5.845186958203248996e-03	2.343200000000000000e+04
6.137437577652341686e-03	2.274100000000000000e+04
6.429687340221395229e-03	2.248800000000000000e+04
6.721936242420024563e-03	2.165300000000000000e+04
7.014184280757884520e-03	2.143300000000000000e+04
7.306431451744682844e-03	2.145500000000000000e+04
7.598677751890161106e-03	2.156900000000000000e+04
7.890923177704119856e-03	2.085800000000000000e+04
8.183167725696393474e-03	2.096500000000000000e+04
8.475411392376865777e-03	2.019500000000000000e+04
8.767654174255469154e-03	2.032000000000000000e+04
9.059896067842177630e-03	1.991600000000000000e+04
9.352137069647015535e-03	2.011800000000000000e+04
9.644377176180048833e-03	2.004100000000000000e+04
9.936616383951390324e-03	1.977800000000000000e+04
1.022885468947120485e-02	1.935800000000000000e+04
1.052109208924969196e-02	1.906600000000000000e+04
1.081332857979711536e-02	1.907500000000000000e+04
1.110556415762376306e-02	1.860800000000000000e+04
1.139779881923999247e-02	1.864100000000000000e+04
1.169003256115619567e-02	1.839400000000000000e+04
1.198226537988280986e-02	1.821300000000000000e+04
1.227449727193033122e-02	1.798400000000000000e+04
1.256672823380928540e-02	1.836300000000000000e+04
1.285895826203026573e-02	1.774600000000000000e+04
1.315118735310390197e-02	1.778100000000000000e+04
1.344341550354086895e-02	1.760300000000000000e+04
1.373564270985190225e-02	1.749600000000000000e+04
1.402786896854776866e-02	1.760500000000000000e+04
1.432009427613929568e-02	1.690500000000000000e+04
1.461231862913735594e-02	1.697200000000000000e+04
1.490454202405287580e-02	1.685500000000000000e+04
1.519676445739681983e-02	1.674200000000000000e+04
1.548898592568020982e-02	1.621800000000000000e+04
1.578120642541410573e-02	1.603000000000000000e+04
1.607342595310962824e-02	1.569500000000000000e+04
1.636564450527794659e-02	1.530300000000000000e+04
1.665786207843027167e-02	1.523300000000000000e+04
1.695007866907786986e-02	1.541700000000000000e+04
1.724229427373205961e-02	1.485500000000000000e+04
1.753450888890420445e-02	1.460400000000000000e+04
1.782672251110571301e-02	1.418800000000000000e+04
1.811893513684805293e-02	1.401400000000000000e+04
1.841114676264274039e-02	1.363300000000000000e+04
1.870335738500134362e-02	1.367200000000000000e+04
1.899556700043547250e-02	1.340900000000000000e+04
1.928777560545678546e-02	1.328500000000000000e+04
1.957998319657702074e-02	1.263400000000000000e+04
1.987218977030793740e-02	1.263900000000000000e+04
2.016439532316134306e-02	1.243000000000000000e+04
2.045659985164912514e-02	1.204900000000000000e+04
2.074880335228319189e-02	1.209800000000000000e+04
2.104100582157552093e-02	1.159900000000000000e+04
2.133320725603813847e-02	1.114400000000000000e+04
2.162540765218312622e-02	1.080300000000000000e+04
2.191760700652260058e-02	1.085700000000000000e+04
2.220980531556875429e-02	1.063400000000000000e+04
2.250200257583381130e-02	1.023500000000000000e+04
2.279419878383006498e-02	9.975000000000000000e+03
2.308639393606983989e-02	1.006900000000000000e+04
2.337858802906553693e-02	9.519000000000000000e+03
2.367078105932959170e-02	9.342000000000000000e+03
2.396297302337451265e-02	9.002000000000000000e+03
2.425516391771282906e-02	8.964000000000000000e+03
2.454735373885715347e-02	8.352000000000000000e+03
2.483954248332015044e-02	8.105000000000000000e+03
2.513173014761450885e-02	7.855000000000000000e+03
2.542391672825300777e-02	7.805000000000000000e+03
2.571610222174845403e-02	7.759000000000000000e+03
2.600828662461370996e-02	7.288000000000000000e+03
2.630046993336172118e-02	7.077000000000000000e+03
2.659265214450544021e-02	6.931000000000000000e+03
2.688483325455792716e-02	6.828000000000000000e+03
2.717701326003223866e-02	6.418000000000000000e+03
2.746919215744153195e-02	5.957000000000000000e+03
2.776136994329900590e-02	5.918000000000000000e+03
2.805354661411790101e-02	5.856000000000000000e+03
2.834572216641151332e-02	5.741000000000000000e+03
2.863789659669323251e-02	5.540000000000000000e+03
2.893006990147646215e-02	5.447000000000000000e+03
2.922224207727465439e-02	5.280000000000000000e+03
2.951441312060135852e-02	5.005000000000000000e+03
2.980658302797013770e-02	4.740000000000000000e+03
3.009875179589465918e-02	4.726000000000000000e+03
3.039091942088858675e-02	4.531000000000000000e+03
3.068308589946567438e-02	4.187000000000000000e+03
3.097525122813974893e-02	4.292000000000000000e+03
3.126741540342465459e-02	4.133000000000000000e+03
3.155957842183430839e-02	3.958000000000000000e+03
3.185174027988269679e-02	3.881000000000000000e+03
3.214390097408385133e-02	3.824000000000000000e+03
3.243606050095186599e-02	3.492000000000000000e+03
3.564973725559886231e-02	1.283000000000000000e+03
3.594188250258891631e-02	2.640000000000000000e+03
3.623402653693421488e-02	2.542000000000000000e+03
3.652616935514967078e-02	2.398000000000000000e+03
3.681831095375022456e-02	2.360000000000000000e+03
3.711045132925090001e-02	2.219000000000000000e+03
3.740259047816679033e-02	2.234000000000000000e+03
3.769472839701300954e-02	2.099000000000000000e+03
3.798686508230476183e-02	2.034000000000000000e+03
3.827900053055730001e-02	1.993000000000000000e+03
3.857113473828595318e-02	1.910000000000000000e+03
3.886326770200608516e-02	1.820000000000000000e+03
3.915539941823312914e-02	1.854000000000000000e+03
3.944752988348259465e-02	1.801000000000000000e+03
3.973965909427001897e-02	1.731000000000000000e+03
4.003178704711102959e-02	1.595000000000000000e+03
4.032391373852130950e-02	1.580000000000000000e+03
4.061603916501657641e-02	1.536000000000000000e+03
4.090816332311264514e-02	1.582000000000000000e+03
4.120028620932537911e-02	1.475000000000000000e+03
4.149240782017068335e-02	1.503000000000000000e+03
4.178452815216455313e-02	1.428000000000000000e+03
4.207664720182302531e-02	1.368000000000000000e+03
4.236876496566220618e-02	1.394000000000000000e+03
4.266088144019827139e-02	1.332000000000000000e+03
4.295299662194743823e-02	1.316000000000000000e+03
4.324511050742600726e-02	1.277000000000000000e+03
4.353722309315030681e-02	1.214000000000000000e+03
4.382933437563677620e-02	1.184000000000000000e+03
4.412144435140189641e-02	1.092000000000000000e+03
4.441355301696220392e-02	1.150000000000000000e+03
4.470566036883428379e-02	1.075000000000000000e+03
4.499776640353482515e-02	1.057000000000000000e+03
4.528987111758053796e-02	1.025000000000000000e+03
4.558197450748822932e-02	9.960000000000000000e+02
4.587407656977474102e-02	1.004000000000000000e+03
4.616617730095700506e-02	9.700000000000000000e+02
4.645827669755198119e-02	9.420000000000000000e+02
4.675037475607672632e-02	8.980000000000000000e+02
4.704247147304837368e-02	9.110000000000000000e+02
4.733456684498406342e-02	8.670000000000000000e+02
4.762666086840104673e-02	8.550000000000000000e+02
4.791875353981663033e-02	7.810000000000000000e+02
4.821084485574816253e-02	8.310000000000000000e+02
4.850293481271307494e-02	8.160000000000000000e+02
4.879502340722889631e-02	8.240000000000000000e+02
4.908711063581312761e-02	7.540000000000000000e+02
4.937919649498346414e-02	7.350000000000000000e+02
4.967128098125752483e-02	7.290000000000000000e+02
4.996336409115312294e-02	7.810000000000000000e+02
5.025544582118803699e-02	6.570000000000000000e+02
5.054752616788017738e-02	6.690000000000000000e+02
5.083960512774748919e-02	5.960000000000000000e+02
5.113168269730797300e-02	6.750000000000000000e+02
5.142375887307974736e-02	6.060000000000000000e+02
5.171583365158092388e-02	6.010000000000000000e+02
5.200790702932972520e-02	6.250000000000000000e+02
5.229997900284444334e-02	6.000000000000000000e+02
5.259204956864345359e-02	5.690000000000000000e+02
5.288411872324508267e-02	5.940000000000000000e+02
5.317618646316788628e-02	5.440000000000000000e+02
5.346825278493041317e-02	5.570000000000000000e+02
5.376031768505124681e-02	5.370000000000000000e+02
5.405238116004907473e-02	5.670000000000000000e+02
5.434444320644264692e-02	5.010000000000000000e+02
5.463650382075077583e-02	4.690000000000000000e+02
5.492856299949237103e-02	4.750000000000000000e+02
5.522062073918635600e-02	4.920000000000000000e+02
5.551267703635175133e-02	4.880000000000000000e+02
5.580473188750764701e-02	4.480000000000000000e+02
5.609678528917321633e-02	4.420000000000000000e+02
5.638883723786766028e-02	4.450000000000000000e+02
5.668088773011027010e-02	4.010000000000000000e+02
5.697293676242044108e-02	4.500000000000000000e+02
5.726498433131755467e-02	4.270000000000000000e+02
5.755703043332113106e-02	3.880000000000000000e+02
5.784907506495073209e-02	4.170000000000000000e+02
5.814111822272598901e-02	3.890000000000000000e+02
5.843315990316662323e-02	3.750000000000000000e+02
5.872520010279239783e-02	3.890000000000000000e+02
5.901723881812316608e-02	3.820000000000000000e+02
5.930927604567881595e-02	3.730000000000000000e+02
5.960131178197933255e-02	3.750000000000000000e+02
5.989334602354480508e-02	3.270000000000000000e+02
6.018537876689532273e-02	3.610000000000000000e+02
6.047741000855107185e-02	3.630000000000000000e+02
6.076943974503233592e-02	3.220000000000000000e+02
6.106146797285946781e-02	3.220000000000000000e+02
6.135349468855279959e-02	3.050000000000000000e+02
6.164551988863289228e-02	3.010000000000000000e+02
6.193754356962023755e-02	3.060000000000000000e+02
6.222956572803546582e-02	3.340000000000000000e+02
6.252158636039925610e-02	2.950000000000000000e+02
6.281360546323237759e-02	2.860000000000000000e+02
6.310562303305565501e-02	2.590000000000000000e+02
6.339763906639001023e-02	2.890000000000000000e+02
6.368965355975636511e-02	2.660000000000000000e+02
6.398166650967582192e-02	3.210000000000000000e+02
6.427367791266946906e-02	2.540000000000000000e+02
6.456568776525847819e-02	2.710000000000000000e+02
6.485769606396413200e-02	2.700000000000000000e+02
6.514970280530778257e-02	2.430000000000000000e+02
6.544170798581080972e-02	2.580000000000000000e+02
6.573371160199469043e-02	2.520000000000000000e+02
6.602571365038098494e-02	2.490000000000000000e+02
6.631771412749129513e-02	2.210000000000000000e+02
6.660971302984736164e-02	2.620000000000000000e+02
6.690171035397093902e-02	2.580000000000000000e+02
6.719370609638385117e-02	2.330000000000000000e+02
6.748570025360801916e-02	2.250000000000000000e+02
6.777769282216543345e-02	2.300000000000000000e+02
6.806968379857818163e-02	2.230000000000000000e+02
6.836167317936839294e-02	2.130000000000000000e+02
6.865366096105823823e-02	2.410000000000000000e+02
6.894564714017006879e-02	2.210000000000000000e+02
6.923763171322619425e-02	2.000000000000000000e+02
6.952961467674909080e-02	1.990000000000000000e+02
6.982159602726122072e-02	2.270000000000000000e+02
7.011357576128519897e-02	2.170000000000000000e+02
7.040555387534369602e-02	2.180000000000000000e+02
7.069753036595939621e-02	2.120000000000000000e+02
7.098950522965516430e-02	1.840000000000000000e+02
7.128147846295385115e-02	2.040000000000000000e+02
7.157345006237841867e-02	2.150000000000000000e+02
7.186542002445189814e-02	2.120000000000000000e+02
7.215738834569743188e-02	1.970000000000000000e+02
7.244935502263816218e-02	1.900000000000000000e+02
7.274132005179738403e-02	1.900000000000000000e+02
7.303328342969843401e-02	2.060000000000000000e+02
7.332524515286471811e-02	1.810000000000000000e+02
7.361720521781969784e-02	2.130000000000000000e+02
7.390916362108700122e-02	1.710000000000000000e+02
7.420112035919018689e-02	2.020000000000000000e+02
7.449307542865307719e-02	1.780000000000000000e+02
7.478502882599941115e-02	1.720000000000000000e+02
7.507698054775305274e-02	1.800000000000000000e+02
7.536893059043797694e-02	1.590000000000000000e+02
7.566087895057822810e-02	1.720000000000000000e+02
7.595282562469787835e-02	1.690000000000000000e+02
7.624477060932111083e-02	1.610000000000000000e+02
7.653671390097221972e-02	1.710000000000000000e+02
7.682865549617552692e-02	1.750000000000000000e+02
7.712059539145540987e-02	1.780000000000000000e+02
7.741253358333644030e-02	1.710000000000000000e+02
7.770447006834314829e-02	1.810000000000000000e+02
7.799640484300020271e-02	1.670000000000000000e+02
7.828833790383228630e-02	1.590000000000000000e+02
7.858026924736426222e-02	1.690000000000000000e+02
7.887219887012100750e-02	1.480000000000000000e+02
7.916412676862748243e-02	1.490000000000000000e+02
7.945605293940873060e-02	1.690000000000000000e+02
7.974797737898986494e-02	1.680000000000000000e+02
8.003990008389610944e-02	1.720000000000000000e+02
8.033182105065275747e-02	1.580000000000000000e+02
8.062374027578514402e-02	1.610000000000000000e+02
8.091565775581872899e-02	1.240000000000000000e+02
8.120757348727904168e-02	1.550000000000000000e+02
8.149948746669166688e-02	1.300000000000000000e+02
8.179139969058228654e-02	1.340000000000000000e+02
8.208331015547667975e-02	1.440000000000000000e+02
8.237521885790068110e-02	1.500000000000000000e+02
8.266712579438023623e-02	1.690000000000000000e+02
8.295903096144133237e-02	1.490000000000000000e+02
8.325093435561002619e-02	1.390000000000000000e+02
8.354283597341252698e-02	1.430000000000000000e+02
8.383473581137509956e-02	1.200000000000000000e+02
8.412663386602402260e-02	1.290000000000000000e+02
8.441853013388574134e-02	1.330000000000000000e+02
8.471042461148672875e-02	1.410000000000000000e+02
8.500231729535355496e-02	1.450000000000000000e+02
8.529420818201292886e-02	1.440000000000000000e+02
8.558609726799150386e-02	1.320000000000000000e+02
8.587798454981618312e-02	1.240000000000000000e+02
8.616987002401380047e-02	1.350000000000000000e+02
8.646175368711139786e-02	1.350000000000000000e+02
8.675363553563597563e-02	1.340000000000000000e+02
8.704551556611475616e-02	1.370000000000000000e+02
8.733739377507492019e-02	1.170000000000000000e+02
8.762927015904378725e-02	1.300000000000000000e+02
8.792114471454878788e-02	1.290000000000000000e+02
8.821301743811738039e-02	1.330000000000000000e+02
8.850488832627713409e-02	1.280000000000000000e+02
8.879675737555568771e-02	1.180000000000000000e+02
8.908862458248080485e-02	1.180000000000000000e+02
8.938048994358027688e-02	1.290000000000000000e+02
8.967235345538199232e-02	1.230000000000000000e+02
8.996421511441397845e-02	1.300000000000000000e+02
9.025607491720423481e-02	1.220000000000000000e+02
9.054793286028096910e-02	1.250000000000000000e+02
9.083978894017238903e-02	1.190000000000000000e+02
9.113164315340682720e-02	1.310000000000000000e+02
9.142349549651271334e-02	1.080000000000000000e+02
9.171534596601849110e-02	1.230000000000000000e+02
9.200719455845274286e-02	1.110000000000000000e+02
9.229904127034418981e-02	1.180000000000000000e+02
9.259088609822148375e-02	1.280000000000000000e+02
9.288272903861354013e-02	1.180000000000000000e+02
9.317457008804921892e-02	1.220000000000000000e+02
9.346640924305753273e-02	1.200000000000000000e+02
9.375824650016760520e-02	1.240000000000000000e+02
9.405008185590855996e-02	1.230000000000000000e+02
9.434191530680971494e-02	1.130000000000000000e+02
9.463374684940037418e-02	1.300000000000000000e+02
9.492557648020995276e-02	1.360000000000000000e+02
9.521740419576801839e-02	9.100000000000000000e+01
9.550922999260415269e-02	1.160000000000000000e+02
9.580105386724804828e-02	9.100000000000000000e+01
9.609287581622948105e-02	1.060000000000000000e+02
9.638469583607835178e-02	1.230000000000000000e+02
9.667651392332453353e-02	1.080000000000000000e+02
9.696833007449814912e-02	1.210000000000000000e+02
9.726014428612929363e-02	1.170000000000000000e+02
9.755195655474817318e-02	1.180000000000000000e+02
9.784376687688513263e-02	1.170000000000000000e+02
9.813557524907048912e-02	1.200000000000000000e+02
9.842738166783476794e-02	1.070000000000000000e+02
9.871918612970856377e-02	1.240000000000000000e+02
9.901098863122248517e-02	1.240000000000000000e+02
9.930278916890729335e-02	9.900000000000000000e+01
9.959458773929381892e-02	1.150000000000000000e+02
9.988638433891300350e-02	1.010000000000000000e+02
1.001781789642958165e-01	1.220000000000000000e+02
1.004699716119733938e-01	1.280000000000000000e+02
1.007617622784768852e-01	1.190000000000000000e+02
1.010535509603376070e-01	1.120000000000000000e+02
1.013453376540869172e-01	1.100000000000000000e+02
1.016371223562562431e-01	9.200000000000000000e+01
1.019289050633771926e-01	1.170000000000000000e+02
1.022206857719813178e-01	1.310000000000000000e+02
1.025124644786003653e-01	1.100000000000000000e+02
1.028042411797662203e-01	1.280000000000000000e+02
1.030960158720107267e-01	1.220000000000000000e+02
1.033877885518658668e-01	1.060000000000000000e+02
1.036795592158637480e-01	9.300000000000000000e+01
1.039713278605365748e-01	9.200000000000000000e+01
1.042630944824165934e-01	1.020000000000000000e+02
1.045548590780361331e-01	1.160000000000000000e+02
1.048466216439276899e-01	9.700000000000000000e+01
1.051383821766237459e-01	9.000000000000000000e+01
1.054301406726570051e-01	1.180000000000000000e+02
1.057218971285601300e-01	1.100000000000000000e+02
1.060136515408659358e-01	1.050000000000000000e+02
1.063054039061074318e-01	1.150000000000000000e+02
1.065971542208174888e-01	1.110000000000000000e+02
1.068889024815292410e-01	1.090000000000000000e+02
1.071806486847758505e-01	9.900000000000000000e+01
1.074723928270906598e-01	1.060000000000000000e+02
1.077641349050069974e-01	8.700000000000000000e+01
1.080558749150582476e-01	1.090000000000000000e+02
1.083476128537780997e-01	1.030000000000000000e+02
1.086393487177001183e-01	8.800000000000000000e+01
1.089310825033580066e-01	9.200000000000000000e+01
1.092228142072856623e-01	9.400000000000000000e+01
1.095145438260170245e-01	8.800000000000000000e+01
1.098062713560860049e-01	9.400000000000000000e+01
1.100979967940267784e-01	1.220000000000000000e+02
1.103897201363735758e-01	8.800000000000000000e+01
1.106814413796606417e-01	1.240000000000000000e+02
1.109731605204224425e-01	1.070000000000000000e+02
1.112648775551933616e-01	1.130000000000000000e+02
1.115565924805080461e-01	1.120000000000000000e+02
1.118483052929011567e-01	9.300000000000000000e+01
1.121400159889074655e-01	8.800000000000000000e+01
1.124317245650618691e-01	9.100000000000000000e+01
1.127234310178991950e-01	8.800000000000000000e+01
1.130151353439546730e-01	1.030000000000000000e+02
1.133068375397632555e-01	1.190000000000000000e+02
1.135985376018604082e-01	1.130000000000000000e+02
1.138902355267812638e-01	9.900000000000000000e+01
1.141819313110613576e-01	1.070000000000000000e+02
1.144736249512362108e-01	9.400000000000000000e+01
1.147653164438414281e-01	9.800000000000000000e+01
1.150570057854127665e-01	1.100000000000000000e+02
1.153486929724859972e-01	9.400000000000000000e+01
1.156403780015970301e-01	9.200000000000000000e+01
1.159320608692819138e-01	1.100000000000000000e+02
1.162237415720767386e-01	9.700000000000000000e+01
1.165154201065177059e-01	9.700000000000000000e+01
1.168070964691410168e-01	8.800000000000000000e+01
1.170987706564832198e-01	9.400000000000000000e+01
1.173904426650806965e-01	1.040000000000000000e+02
1.176821124914700645e-01	8.500000000000000000e+01
1.179737801321881080e-01	9.000000000000000000e+01
1.182654455837714447e-01	9.200000000000000000e+01
1.185571088427570391e-01	1.020000000000000000e+02
1.188487699056818142e-01	1.070000000000000000e+02
1.191404287690829428e-01	1.070000000000000000e+02
1.194320854294975420e-01	1.110000000000000000e+02
1.197237398834628680e-01	9.700000000000000000e+01
